9458 -28861
0 0
-7956 11925
0 0
20419 -29988
0 0
2151 -28086
0 0
-9783 1418
0 0
28770 -26429
0 0
24637 20850
0 0
3287 20810
0 0
8026 14577
0 0
5704 -22947
0 0
-19154 10459
0 0
-13026 1218
0 0
-1906 30996
0 0
-17663 9764
0 0
22564 19682
0 0
-20004 -3028
0 0
-17962 -4431
0 0
-21581 21319
0 0
-17848 -27298
0 0
-4215 -24041
0 0
-12380 -21405
0 0
27746 -7148
0 0
-4574 21717
0 0
-20656 19881
0 0
26534 -28805
0 0
31440 -6603
0 0
-4007 1761
0 0
-25486 -5453
0 0
-15856 10279
0 0
-5983 8386
0 0
6219 -13633
0 0
-15584 -4480
0 0
6739 -31754
0 0
13842 31723
0 0
-18236 -21813
0 0
-25073 -25808
0 0
-13326 -8362
0 0
-11877 -19785
0 0
-4970 -676
0 0
515 -10519
0 0
-27164 29598
0 0
-15566 27546
0 0
19727 -29316
0 0
-30854 15588
0 0
28105 -15131
0 0
15094 -5058
0 0
-747 3137
0 0
5146 29015
0 0
-17218 -5391
0 0
-2697 31657
0 0
