37832 -115444
47495 -138870
-31824 47700
50824 -166665
81676 -119952
70460 -202826
8604 -112344
92163 -160063
-39132 5672
134243 -98683
115080 -105716
157406 14210
98548 83400
153285 79747
13148 83240
104237 85997
32104 58308
21067 59496
22816 -91788
-48969 45932
-76616 41836
-98581 75470
-52104 4872
-90162 133823
-7624 123984
-78789 171511
-70652 39056
-60105 141061
90256 78728
-87057 112943
-80016 -12112
-147443 42091
-71848 -17724
-175984 -14347
-86324 85276
-195025 -99314
-71392 -109192
-124327 -165768
-16860 -96164
-56144 -162194
-49520 -85620
-9984 -97724
110984 -28592
25763 -12187
-18296 86868
51930 24880
-82624 79524
95105 -1931
106136 -115220
94536 -46676
125760 -26412
47883 -52882
-16028 7044
-36760 -24143
-101944 -21812
-106347 14536
-63424 41116
-123642 15104
-23932 33544
-80919 -41350
24876 -54532
-28597 -59073
-62336 -17920
-10632 -85949
26956 -127016
-24751 -92120
55368 126892
-78760 -98236
-72944 -87252
-134033 -147680
-100292 -103232
-166551 -154659
-53304 -33448
-153416 -169741
-47508 -79140
-128400 -95355
-19880 -2704
-120339 5225
2060 -42076
-113169 61876
-108656 118392
-123530 106674
-62264 110184
-74933 59412
78908 -117264
-20373 8186
-123416 62352
45082 -36694
112420 -60524
91268 -23418
60376 -20232
61471 32202
-2988 12548
34357 92084
20584 116060
-28010 135402
-68872 -21564
-50200 139965
-10788 126628
-37381 113204
