9458 -28861
-7956 11925
20419 -29988
2151 -28086
-9783 1418
28770 -26429
24637 20850
3287 20810
8026 14577
5704 -22947
-19154 10459
-13026 1218
-1906 30996
-17663 9764
22564 19682
-20004 -3028
-17962 -4431
-21581 21319
-17848 -27298
-4215 -24041
-12380 -21405
27746 -7148
-4574 21717
-20656 19881
26534 -28805
31440 -6603
-4007 1761
-25486 -5453
-15856 10279
-5983 8386
6219 -13633
-15584 -4480
6739 -31754
13842 31723
-18236 -21813
-25073 -25808
-13326 -8362
-11877 -19785
-4970 -676
515 -10519
-27164 29598
-15566 27546
19727 -29316
-30854 15588
28105 -15131
15094 -5058
-747 3137
5146 29015
-17218 -5391
-2697 31657